# Created by Octave 5.2.0, Sun Apr 23 21:57:09 2023 EEST <catalin@LAPTOP-QCG3VAHI>
# name: X
# type: matrix
# rows: 100
# columns: 100
32.223	24.903	25.278	26.836	24.227	26.655	29.255	26.496	24.828	24.182	24.603	22.716	24.47	26.77	25.472	22.335	24.473	24.787	24.35	26.75	22.572	21.837	20.173	25.837	25.334	22.791	22.088	22.151	24.848	28.451	23.956	26.093	25.359	28.267	27.797	24.051	26.001	25.798	25.369	23.961	23.325	26.476	29.689	25.934	27.341	19.611	24.78	23.898	23.794	27.996	24.638	25.42	24.651	22.41	26.776	25.7	24.238	21.251	25.678	24.193	25.928	24.061	22.769	25.358	23.262	23.522	26.231	22.932	26.376	23.612	25.894	22.852	28.129	24.547	27.638	27.406	26.491	26.169	24.643	23.494	24.853	25.156	25.037	23.735	23.923	22.236	23.777	23.473	25.846	26.589	24.655	25.275	26.715	26.406	25.757	26.231	23.106	20.419	23.359	21.949
24.903	33.912	26.455	26.269	25.26	29.022	28.02	28.036	25.157	24.713	25.836	24.966	24.953	27.493	27.359	23.788	25.351	26.133	26.868	27.572	24.937	24.971	20.497	27.788	27.204	23.841	23.724	21.779	24.218	29.962	23.019	26.412	26.447	29.177	28.762	25.339	27.706	26.02	26.902	25.352	24.286	27.447	30.48	27.47	27.49	21.489	26.7	24.856	23.614	28.659	28.265	25.867	27.146	24.403	25.088	27.507	26.437	23.107	25.175	24.176	26.149	24.511	24.202	28.789	24.031	25.444	28.477	25.12	27.542	25.142	26.976	25.94	28.423	25.321	27.328	26.618	27.231	28.603	24.954	23.426	27.084	25.164	23.997	25.622	24.861	22.166	26.317	25.743	27.739	25.644	25.967	26.34	28.2	27.118	26.718	24.914	23.792	21.498	25.486	24.277
25.278	26.455	35.015	27.016	24.069	27.335	27.56	27.965	25.352	25.613	25.94	24.541	25.581	27.523	27.846	24.086	26.113	25.894	24.475	28.52	24.507	23.058	21.532	28.252	28.418	23.233	23.066	21.551	24.204	29.527	25.889	26.866	26.752	25.78	27.686	25.447	26.875	26.622	26.91	25.291	24.039	26.972	29.662	26.974	28.041	22.107	25.229	25.945	22.92	28.095	28.277	26.939	25.127	24.344	25.879	25.232	25.452	23.075	25.067	22.951	25.915	25.553	22.891	25.764	23.968	25.564	28.303	24.092	26.687	24.381	27.569	24.992	30.074	25.871	27.946	27.82	27.16	28.07	25.545	23.797	26.002	26.84	25.703	23.972	24.692	22.562	26.805	25.211	26.258	25.026	26.033	26.385	28.339	27.167	27.744	25.991	23.395	23.872	24.686	24.874
26.836	26.269	27.016	40.03	26.632	28.328	30.473	30.584	27.971	28.032	27.086	23.663	25.559	31.348	28.507	27.539	25.966	29.89	26.925	30.091	28.895	26.435	22.453	29.516	29.459	25.566	25.973	23.105	25.704	29.601	26.887	29.404	27.914	29.263	29.2	26.618	28.665	27.268	28.731	25.872	26.212	30.428	32.062	29.388	29.094	22.53	25.738	29.894	27.166	31.115	28.412	29.274	26.852	27.215	28.271	27.994	26.837	23.263	26.966	25.582	28.086	26.417	26.777	28.231	25.126	25.788	29.827	25.292	28.582	26.477	28.663	24.409	30.496	28.016	32.002	29.108	29.16	30.676	28.069	26.754	26.574	27.538	26.661	24.737	27.379	23.999	26.48	26.362	28.007	30.68	28.65	28.349	29.279	29.893	27.073	28.562	25.542	23.46	27.148	25.981
24.227	25.26	24.069	26.632	31.423	25.469	26.475	27.77	23.142	24.747	24.113	21.618	22.645	26.392	25.53	23.693	25.62	26.139	22.631	26.654	22.885	23.069	20.778	25.77	26.781	23.591	22.96	21.368	22.982	26.902	23.792	26.08	24.385	25.976	26.417	25.739	24.575	25.11	24.634	23.001	23.043	24.695	28.2	24.862	24.28	20.07	24.761	24.294	22.962	28.254	25.428	24.711	24.894	25.396	25.884	24.331	24.274	20.307	24.505	22.746	24.824	23.805	22.931	25.42	20.096	22.72	24.356	22.094	24.397	22.103	24.654	23.246	28.405	23.572	26.922	23.912	23.813	27.307	25.393	22.582	23.446	25.195	23.647	22.903	23.809	21.472	22.836	22.654	25.514	24.107	24.685	23.958	26.465	25.511	25.428	23.238	22.094	20.536	23.823	23.925
26.655	29.022	27.335	28.328	25.469	35.839	29.101	29.618	27.264	27.32	25.971	25.331	26.334	29.58	29.394	26.203	28.018	27.381	26.559	29.484	25.404	25.125	21.822	29.304	28.353	25.658	24.26	22.008	26.92	30.59	26.37	29.296	28.4	30.568	29.377	27.426	27.906	29.433	28.574	26.409	26.037	27.772	31.648	28.695	27.352	24.319	27.25	26.13	25.616	30.442	27.924	27.663	26.525	24.448	26.815	28.295	27.892	24.101	27.899	25.035	27.183	27.012	26.528	30.014	25.552	25.166	29.594	24.921	28.186	26.711	27.257	26.696	30.842	27.463	29.39	27.729	27.662	29.618	26.032	26.868	26.7	26.813	26.458	26.391	25.957	24.827	26.549	27.037	29.649	27.948	28.107	28.795	28.918	27.917	29.484	26.616	25.748	23.03	25.395	25.101
29.255	28.02	27.56	30.473	26.475	29.101	38.737	31.417	26.857	28.677	27.788	26.521	25.742	31.87	29.265	26.798	26.513	28.662	27.059	30.161	28.318	25.999	21.161	29.616	28.799	25.364	25.983	22.202	28.773	31.362	27.631	29.739	29.984	32.601	31.015	27.496	29.28	28.944	29.941	26.684	27.152	30.198	31.202	28.557	29.396	23.322	26.356	27.172	26.86	31.725	28.794	29.183	28.819	26.726	30.115	28.882	26.191	24.749	27.75	25.632	28.389	27.353	26.05	28.826	25.782	25.828	30.469	25.336	29.578	25.733	28.777	25.714	32.184	28.238	30.798	30.742	27.764	30.464	26.138	27.184	27.687	27.815	27.161	25.746	29.082	24.079	27.266	27.501	28.185	30.676	26.958	28.021	30.632	28.86	27.579	29.072	25.15	25.069	25.401	25.38
26.496	28.036	27.965	30.584	27.77	29.618	31.417	37.398	27.312	28.576	26.771	24.807	25.804	30.294	27.554	26.616	25.982	27.709	26.601	30.516	26.96	24.021	21.902	28.809	30.895	26.781	25.183	23.026	26.577	31.586	27.54	29.007	29.916	29.877	30.132	28.83	28.228	29.02	28.048	25.225	26.458	29.785	31.364	30.482	29.933	24.369	29.093	28.364	25.301	30.579	28.785	28.037	28.199	26.121	27.107	27.428	27.289	22.649	27.884	25.29	27.704	27.239	26.637	28.783	25.382	25.599	28.877	25.389	29.015	26.001	29.778	26.919	31.375	28.736	30.283	29.736	26.028	30.714	26.525	26.86	26.171	27.788	25.83	26.534	26.619	24.293	27.046	27.276	28.471	29.983	27.912	28.489	30.065	28.516	29.258	29.251	25.177	25.399	26.521	24.447
24.828	25.157	25.352	27.971	23.142	27.264	26.857	27.312	33.351	24.831	24.6	22.399	23.343	27.339	25.643	24.833	23.521	24.02	26.471	28	25.416	23.434	20.451	26.451	27.2	23.81	22.468	19.962	23.82	27.609	25.46	24.351	25.222	27.52	27.997	25.661	26.538	25.985	24.867	23.744	25.04	25.337	30.036	28.109	25.099	20.993	24.986	24.762	23.482	27.224	26.448	26.03	26.665	24.066	25.611	24.966	24.984	22.537	24.944	21.971	25.518	24.217	22.807	26.008	23.574	24.54	25.839	23.691	26.594	22.807	26.102	24.333	29.042	26.491	27.347	26.493	26.684	27.012	23.2	23.865	25.118	24.912	24.713	22.943	24.82	22.449	23.985	24.576	25.256	27.752	23.292	24.751	28.45	26.897	24.951	25.804	23.964	22.015	23.784	24.674
24.182	24.713	25.613	28.032	24.747	27.32	28.677	28.576	24.831	33.492	23.859	24.164	24.567	28.452	26.121	25.7	23.871	26.429	24.65	27.358	24.811	22.216	18.901	26.211	27.73	25.672	24.44	20.818	25.404	28.893	24.642	27.412	26.125	26.739	27.287	25.515	26.399	26.526	25.984	24.948	23.435	25.664	28.277	26.444	26.627	22.317	24.621	25.03	23.797	28.184	25.8	25.822	26.071	24.406	26.253	25.133	23.827	22.16	25.944	22.955	24.538	23.569	25.469	27.21	23.711	23.169	26.706	22.681	26.884	24.089	26.703	25.611	28.455	25.314	28.252	27.32	24.294	27.707	26.265	23.995	24.663	24.406	24.454	22.757	25.899	22.32	25.329	24.541	24.912	25.643	25.864	25.048	27.364	25.141	26.417	25.186	21.418	21.439	23.726	23.151
24.603	25.836	25.94	27.086	24.113	25.971	27.788	26.771	24.6	23.859	32.345	22.417	25.264	25.257	25.446	24.344	24.068	25.357	24.078	27.648	24.27	23.609	19.847	27.006	25.728	23.429	21.659	21.553	24.46	29.524	22.969	25.034	24.828	27.297	25.658	24.409	25.103	25.872	24.917	22.646	23.2	25.396	29.173	24.844	26.046	19.89	24.208	24.814	23.079	28.402	26.926	27.257	24.894	24.544	26.905	24.738	24.259	21.987	24.814	23.019	23.939	22.904	24.646	25.055	22.992	24.399	25.822	22.934	26.743	23.288	26.399	24.807	27.193	24.5	26.703	25.161	25.895	26.019	24.899	23.025	26.411	23.393	23.787	25.601	23.336	22.16	22.581	23.408	24.598	26.105	24.2	25.035	27.769	25.536	26.234	24.954	22.806	20.824	24.122	23.573
22.716	24.966	24.541	23.663	21.618	25.331	26.521	24.807	22.399	24.164	22.417	30.453	21.343	24.319	24.493	23.492	23.125	24.869	23.151	26.155	21.914	21.126	18.679	24.415	24.068	23.77	21.202	20.25	23.131	26.243	22.463	22.878	24.31	25.244	25.487	21.772	24.129	22.184	24.783	22.83	22.692	26.118	27.115	25.266	25.06	20.497	23.324	23.236	21.975	23.93	23.968	25.658	25.3	21.465	23.721	24.289	23.068	20.491	21.902	20.507	23.043	20.957	21.547	25.639	22.744	22.731	24.158	21.534	25.469	22.95	25.099	24.235	25.923	23.521	27.428	25.63	24.495	27.246	24.293	21.769	23.943	23.45	23.544	22.374	23.026	22.057	22.993	22.802	23.428	24.072	22.403	25.157	24.568	24.707	24.391	23.11	20.928	19.169	22.972	21.253
24.47	24.953	25.581	25.559	22.645	26.334	25.742	25.804	23.343	24.567	25.264	21.343	31.975	27.29	25.426	23.232	23.571	25.34	24.748	25.619	21.932	21.466	18.811	24.816	25.446	24.404	21.728	21.708	24.796	27.251	22.745	25.538	24.88	26.195	27.33	26.427	25.039	24.921	24.433	22.528	23.074	25.158	28.316	26.659	25.451	20.798	24.088	24.591	22.759	26.842	25.913	24.112	23.893	22.266	25.633	23.557	24.081	20.918	25.344	21.808	23.017	23.171	23.834	25.587	23.13	23.281	26.049	22.052	26.805	23.833	24.902	23.596	27.561	24.898	27.51	25.846	23.964	27.747	23.398	22.351	25.131	23.91	22.08	23.049	23.424	22.311	24.015	22.966	24.681	25.022	25.225	23.855	27.27	25.866	25.573	22.743	22.525	21.419	23.243	24.553
26.77	27.493	27.523	31.348	26.392	29.58	31.87	30.294	27.339	28.452	25.257	24.319	27.29	36.827	30.313	26.588	27.944	29.47	27.358	30.369	28.476	25.608	22.064	29.756	29.023	25.922	26.378	22.18	27.06	29.614	27.148	28.485	28.79	31.608	30.636	27.471	28.934	28.226	28.342	28.06	27.082	29.425	32.536	29.141	27.358	24.047	26.879	27.99	26.059	31.492	28.866	28.803	28.259	25.923	28.278	26.608	27.468	23.041	28.933	24.232	27.369	28.612	27.427	27.737	26.324	24.854	29.211	26.376	29.493	26.829	29.216	26.012	32.233	29.345	31.106	29.879	27.135	32.86	26.968	25.879	27.137	28.473	27.346	25.443	29.091	22.672	27.159	26.849	28.669	29.702	27.307	27.763	29.723	28.691	27.72	28.738	26.679	24.854	24.685	26.429
25.472	27.359	27.846	28.507	25.53	29.394	29.265	27.554	25.643	26.121	25.446	24.493	25.426	30.313	35.22	24.875	27.145	27.183	26.774	29.415	25.325	25.861	21.18	28.578	29.325	25.744	23.899	23.214	25.983	30.023	25.74	27.901	26.526	27.939	29.616	25.762	27.628	27.372	27.346	26.559	25.498	26.921	31.662	26.759	26.934	23.947	25.361	26.996	23.237	28.894	28.625	27.735	26.85	25.016	26.975	28.196	26.324	23.193	27.344	23.27	24.827	25.587	25.857	27.551	23.831	24.877	28.132	24.245	26.523	24.062	26.783	25.093	30.862	26.889	28.882	28.194	26.627	30.136	25.317	24.337	25.949	25.655	25.746	23.978	27.324	22.923	25.636	25.355	25.917	26.737	24.83	25.632	28.317	28.217	26.424	25.606	25.991	22.494	25.485	25.046
22.335	23.788	24.086	27.539	23.693	26.203	26.798	26.616	24.833	25.7	24.344	23.492	23.232	26.588	24.875	30.157	23.352	24.864	23.605	26.049	24.341	22.694	19.532	26.438	24.719	23.636	21.916	20.804	23.526	25.703	22.77	25.509	25.01	26.214	25.817	25.262	24.39	24.254	23.234	23.146	22.724	25.855	27.398	24.994	24.884	20.636	24.206	24.63	24.095	26.342	25.75	25.193	24.903	24.737	26.868	23.541	23.76	21.35	24.38	21.453	23.787	22.57	24.503	24.927	22.25	22.914	25.082	23.149	24.827	24.135	24.533	23.345	27.202	23.575	26.586	25.655	23.647	27.006	24.364	23.605	24.39	23.431	21.883	21.926	23.632	22.088	24.084	24.235	24.425	25.578	23.737	24.617	26.575	26.318	23.47	24.677	21.741	21.456	24.369	23.187
24.473	25.351	26.113	25.966	25.62	28.018	26.513	25.982	23.521	23.871	24.068	23.125	23.571	27.944	27.145	23.352	31.688	26.036	24.823	27.443	23.834	22.49	21.624	25.673	26.272	23.081	22.188	22.43	23.218	27.308	23.212	26.343	25.906	27.548	27.438	24.694	25.3	26.067	26.118	24.913	23.963	24.002	29.174	25.947	25.017	22.628	24.468	24.206	22.572	26.675	26.81	25.617	24.484	24.477	25.108	24.493	24.422	21.973	24.756	22.695	24.503	24.58	23.401	26.853	23.377	22.984	27.185	23.42	24.672	23.124	25.022	23.885	29.479	24.907	26.51	25.306	25.113	26.886	24.183	22.809	26.519	25.327	23.665	23.912	25.271	22.684	24.781	24.462	26.226	24.939	23.831	25.074	27.182	25.553	24.866	24.372	23.027	20.907	23.155	23.691
24.787	26.133	25.894	29.89	26.139	27.381	28.662	27.709	24.02	26.429	25.357	24.869	25.34	29.47	27.183	24.864	26.036	35.019	26.034	29.128	26.26	24.002	21.698	27.226	27.036	25.65	24.091	22.749	24.97	29.895	25.235	28.181	26.94	27.029	28.568	24.946	27.614	25.53	27.728	26.143	24.315	27.792	30.856	26.291	26.745	22.328	25.622	25.466	24.852	28.71	26.524	28.051	27.022	25.888	26.409	27.01	26.272	22.973	26.326	24.106	26.006	24.829	24.754	28.056	24.334	25.217	26.891	23.345	28.183	26.044	27.449	25.872	29.98	27.606	29.788	26.142	26.784	29.477	26.174	22.843	25.165	26.981	27.618	23.798	26.56	21.742	24.82	26.346	25.735	26.426	25.598	25.185	28.01	27.103	25.904	25.254	24.535	22.031	25.035	25.094
24.35	26.868	24.475	26.925	22.631	26.559	27.059	26.601	26.471	24.65	24.078	23.151	24.748	27.358	26.774	23.605	24.823	26.034	34.955	27.121	23.371	24.477	21.138	25.696	24.619	24.856	24.177	22.052	23.765	27.271	24.26	24.315	25.723	28.289	26.968	25.093	26.203	25.196	26.291	24.467	24.115	26.747	29.258	28.566	26.264	21.16	24.472	24.944	23.071	26.113	27.175	24.987	25.866	22.804	25.052	27.193	25.031	21.639	27.142	23.86	24.627	24.536	24.732	25.513	23.986	25.404	26.778	24.379	27.152	24.137	25.952	24.049	27.508	26.219	27.815	27.745	25.769	28.106	23.82	23.544	24.492	23.643	24.984	23.759	25.136	22.079	25.389	27.76	25.503	25.186	25.151	25.022	27.596	26.758	24.115	24.887	23.208	20.022	24.676	23.183
26.75	27.572	28.52	30.091	26.654	29.484	30.161	30.516	28	27.358	27.648	26.155	25.619	30.369	29.415	26.049	27.443	29.128	27.121	36.805	26.352	25.161	22.489	28.978	29.024	25.437	26.414	22.548	27.285	31.827	27.75	28.156	27.705	31.144	28.712	27.153	28.556	28.795	28.128	26.859	26.833	29.819	32.085	29.429	28.512	23.893	26.88	27.734	24.852	29.844	27.925	28.901	28.422	25.605	27.192	27.907	26.886	23.434	27.553	23.717	27.286	27.402	26.505	29.24	25.047	26.585	28.634	25.723	29.314	25.214	27.542	25.917	31.846	28.794	30.658	29.053	27.886	30.654	28.201	25.097	27.924	27.771	26.514	24.975	28.911	22.927	27.074	28.411	28.26	28.149	26.96	26.273	29.068	29.378	28.167	28.887	26.239	23.182	26.414	24.534
22.572	24.937	24.507	28.895	22.885	25.404	28.318	26.96	25.416	24.811	24.27	21.914	21.932	28.476	25.325	24.341	23.834	26.26	23.371	26.352	32.366	24.348	19.087	26.433	26.813	23.711	21.343	20.293	23.755	28.248	23.833	25.815	25.804	26.34	27.471	24.508	25.48	24.76	25.381	24.598	24.877	27.021	29.528	26.012	24.887	22.021	23.655	26.388	24.072	27.908	26.282	26.273	24.736	24.998	25.276	24.374	24.876	22.388	23.651	22.282	26.207	24.635	24.342	25.634	21.722	21.586	26.101	23.839	26.471	21.776	24.423	23.681	27.896	26.93	27.894	24.736	24.824	27.265	22.568	23.471	23.844	25.485	24.19	23.748	23.909	19.703	23.25	22.93	26.302	25.453	23.521	23.885	28.579	25.352	23.491	25.041	24.615	21.74	22.795	22.469
21.837	24.971	23.058	26.435	23.069	25.125	25.999	24.021	23.434	22.216	23.609	21.126	21.466	25.608	25.861	22.694	22.49	24.002	24.477	25.161	24.348	30.007	17.877	26.098	24.604	22.629	21.869	20.702	22.157	26.412	22.107	25.794	23.736	25.602	25.253	22.026	25.2	25.001	24.255	23.984	22.612	24.84	27.235	23.49	24.234	19.157	21.704	23.713	23.128	27.029	25.874	24.426	24.656	23.27	22.983	24.342	23.465	20.803	22.209	21.075	24.349	22.606	24.219	25.094	21.599	21.811	26.485	22.368	25.765	23.111	24.042	22.265	27.948	22.642	25.432	23.57	24.147	26.598	22.052	22.431	22.677	24.798	23.152	23.085	22.862	20.304	22.303	23.303	25.109	24.301	22.908	23.899	25.33	23.804	23.324	22.451	23.454	21.181	21.898	22.337
20.173	20.497	21.532	22.453	20.778	21.822	21.161	21.902	20.451	18.901	19.847	18.679	18.811	22.064	21.18	19.532	21.624	21.698	21.138	22.489	19.087	17.877	24.622	20.974	21.521	19.089	18.839	17.54	18.226	21.768	21.307	21.502	19.853	21.528	22.34	21.627	21.284	21.599	21.366	20.194	18.971	21.264	24.951	20.658	21.43	17.194	19.781	20.837	18.756	22.476	21.458	23.051	20.825	20.394	21.472	19.972	20.937	18.218	21.243	17.675	20.316	20.45	19.035	21.352	17.447	21.13	20.803	18.577	20.732	19.579	20.901	19.524	23.511	20.62	23.01	22.524	21.406	21.983	20.556	16.772	20.937	19.72	20.815	19.717	20.051	17.728	19.599	22.47	21.043	19.971	20.712	21.759	22.39	22.931	20.076	20.826	18.748	16.808	19.837	18.342
25.837	27.788	28.252	29.516	25.77	29.304	29.616	28.809	26.451	26.211	27.006	24.415	24.816	29.756	28.578	26.438	25.673	27.226	25.696	28.978	26.433	26.098	20.974	35.691	29.619	24.736	24.793	21.934	26.168	30.381	25.144	27.147	28.001	30.135	29.254	26.112	28.515	28.94	27.043	27.347	24.871	29.132	30.422	27.748	28.167	23.231	26.658	27.444	25.413	29.731	28.523	28.342	27.485	25.947	27.112	28.046	28.36	23.051	27.367	24.635	26.167	26.358	26.324	28.633	24.47	25.397	30.57	24.093	27.914	26.44	28.109	26.789	30.78	27.029	29.843	27.513	26.659	29.302	26.283	27.233	27.366	27.008	27.155	26.212	25.816	23.175	26.21	26.449	27.347	28.932	26.918	27.934	29.557	28.62	27.531	27.369	25.193	24.286	25.737	25.815
25.334	27.204	28.418	29.459	26.781	28.353	28.799	30.895	27.2	27.73	25.728	24.068	25.446	29.023	29.325	24.719	26.272	27.036	24.619	29.024	26.813	24.604	21.521	29.619	37.016	26.327	23.988	23.336	25.301	30.841	24.996	27.959	27.553	27.923	30.619	27.053	27.326	28.452	28.326	26.645	25.712	28.107	32.082	27.921	28.015	23.597	27.959	26.19	22.641	29.514	29.631	27.186	27.532	26.236	27.036	26.898	27.77	23.598	26.537	24.585	26.173	26.415	25.8	29.527	24.341	26.037	27.829	24.816	28.063	25.423	27.351	26.132	31.354	27.963	31.454	27.672	28.18	29.935	25.354	25.668	26.819	26.467	26.649	25.769	25.764	23.314	27.242	24.231	26.271	27.95	27.212	27.556	30.085	27.132	28.539	26.346	25.215	24.043	26.061	25.903
22.791	23.841	23.233	25.566	23.591	25.658	25.364	26.781	23.81	25.672	23.429	23.77	24.404	25.922	25.744	23.636	23.081	25.65	24.856	25.437	23.711	22.629	19.089	24.736	26.327	31.304	21.911	20.363	23.259	27.811	22.272	22.718	24.82	25.568	26.979	25.203	24.594	24.247	25.947	23.153	23.73	25.374	26.969	25.175	25.455	21.46	23.111	26.043	23.739	26.63	25.474	24.205	25.73	23.849	25.512	25.127	25.095	20.717	25.624	22.112	22.79	22.683	24.664	25.153	21.816	23.927	24.073	20.608	26.498	23.744	25.737	24.172	27.675	24.277	28.788	26.821	23.688	27.522	23.258	21.572	23.28	23.877	24.059	23.7	23.469	22.126	23.698	22.345	24.27	24.683	23.322	25.715	26.391	24.927	24.831	23.089	21.847	20.63	23	21.718
22.088	23.724	23.066	25.973	22.96	24.26	25.983	25.183	22.468	24.44	21.659	21.202	21.728	26.378	23.899	21.916	22.188	24.091	24.177	26.414	21.343	21.869	18.839	24.793	23.988	21.911	30.147	19.246	22.837	25.386	23.895	24.51	22.867	25.377	24.38	22.779	23.711	24.426	24.72	23.949	22.439	25.01	25.941	25.758	22.864	19.771	22.514	23.687	20.687	25.324	25.392	23.091	25.315	22.475	21.458	22.773	22.314	20.681	23.508	21.471	22.917	22.494	22.3	23.957	20.773	22.557	24.855	21.907	24.974	22.844	23.082	22.508	26.858	21.882	26.029	24.89	22.98	24.93	22.129	21.131	23.575	22.791	22.475	21.35	25.361	20.165	24.115	23.788	24.722	23.234	24.268	23.775	23.583	24.972	23.873	23.56	21.15	19.473	22.13	21.286
22.151	21.779	21.551	23.105	21.368	22.008	22.202	23.026	19.962	20.818	21.553	20.25	21.708	22.18	23.214	20.804	22.43	22.749	22.052	22.548	20.293	20.702	17.54	21.934	23.336	20.363	19.246	25.896	21.343	24.853	20.335	24.183	22.237	23.076	22.819	20.442	22.316	22.52	21.567	21.499	19.795	22.236	25.279	22.442	22.333	18.293	21.945	20.317	18.92	21.655	22.53	21.638	20.792	19.431	21.79	21.364	20.436	17.982	22.422	20.686	21.454	19.993	21.395	22.256	19.831	21.406	22.497	19.538	21.702	20.504	21.222	19.798	24.221	20.511	23.969	20.808	21.46	23.44	20.877	19.797	21.538	21.193	20.763	21.547	20.413	19.193	21.522	20.978	21.168	20.791	19.551	21.554	24.663	22.748	21.56	20.774	18.47	17.577	21.934	19.21
24.848	24.218	24.204	25.704	22.982	26.92	28.773	26.577	23.82	25.404	24.46	23.131	24.796	27.06	25.983	23.526	23.218	24.97	23.765	27.285	23.755	22.157	18.226	26.168	25.301	23.259	22.837	21.343	31.938	28.903	24.359	26.193	25.768	27.894	25.99	24.551	26.876	26.315	24.423	24.506	24.68	26.141	28.934	26.015	24.43	21.531	25.793	23.356	23.109	26.958	26.871	24.865	25.273	22.999	25.971	23.841	24.216	21.869	26.177	21.484	23.777	24.093	24.182	26.047	23.003	24.148	25.194	21.983	25.708	23.714	24.771	23.203	29.812	26.413	28.239	25.147	24.625	26.189	23.119	23.27	25.128	24.063	22.939	22.55	24.458	21.494	23.322	25.267	24.226	25.677	24.804	25.059	27.323	26.444	25.14	25.301	23.307	22.018	23.345	22.799
28.451	29.962	29.527	29.601	26.902	30.59	31.362	31.586	27.609	28.893	29.524	26.243	27.251	29.614	30.023	25.703	27.308	29.895	27.271	31.827	28.248	26.412	21.768	30.381	30.841	27.811	25.386	24.853	28.903	40.04	27.643	29.209	28.419	32.161	31.174	27.025	31.023	30.788	28.961	29.039	26.634	29.42	33.373	30.18	29.241	25.075	28.316	29.215	26.114	31.956	29.817	29.77	27.628	27.25	29.249	29.642	26.75	26.284	28.568	25.078	28.714	27.691	26.76	31.174	25.243	26.744	28.353	25.017	30.702	26.632	28.84	27.988	32.116	29.261	31.113	29.567	29.153	30.16	26.812	27.011	28.796	28.138	27.102	27.691	28.667	24.069	27.278	27.768	29.528	29.575	27.368	29.577	31.538	29.151	29.326	28.384	26.909	24.263	27.524	25.497
23.956	23.019	25.889	26.887	23.792	26.37	27.631	27.54	25.46	24.642	22.969	22.463	22.745	27.148	25.74	22.77	23.212	25.235	24.26	27.75	23.833	22.107	21.307	25.144	24.996	22.272	23.895	20.335	24.359	27.643	32.187	25.969	24.057	26.324	25.141	24.864	25.447	23.986	24.46	23.388	23.426	24.918	28.413	27.037	24.603	21.425	23.552	24.486	23.251	27.482	26.266	26.435	24.711	23.555	23.429	24.714	22.708	22.4	23.904	21.516	24.753	23.915	23.845	24.357	22.232	22.713	25.971	20.808	25.056	23.365	24.384	22.346	27.832	24.558	26.671	26.484	24.869	26.718	23.537	21.884	23.537	25.102	24.117	21.767	25.914	22.052	23.658	25.267	26.08	25.622	24.576	24.626	26.585	26.875	25.769	25.634	22.22	22.363	22.84	21.761
26.093	26.412	26.866	29.404	26.08	29.296	29.739	29.007	24.351	27.412	25.034	22.878	25.538	28.485	27.901	25.509	26.343	28.181	24.315	28.156	25.815	25.794	21.502	27.147	27.959	22.718	24.51	24.183	26.193	29.209	25.969	36.345	27.946	28.534	29.7	26.092	27.533	29.918	26.965	25.707	24.258	26.828	30.9	28.169	27.823	21.728	25.8	24.858	22.678	28.944	28.047	26.761	27.317	25.085	26.275	24.75	27.112	22.739	24.953	24.642	27.013	25.041	25.598	27.594	23.783	25.368	29.166	22.923	27.784	25.51	24.685	25.434	30.356	24.767	28.2	26.756	25.865	27.423	25.988	24.501	27.209	26.749	25.404	24.696	25.089	23.2	26.278	25.828	27.073	27.217	25.397	26.995	29.294	26.963	26.626	26.448	23.944	22.163	25.796	23.786
25.359	26.447	26.752	27.914	24.385	28.4	29.984	29.916	25.222	26.125	24.828	24.31	24.88	28.79	26.526	25.01	25.906	26.94	25.723	27.705	25.804	23.736	19.853	28.001	27.553	24.82	22.867	22.237	25.768	28.419	24.057	27.946	34.627	29.719	28.572	24.789	27.061	27.309	26.604	25.369	24.633	28.8	29.892	28.128	27.122	23.934	27.981	25.32	24.499	28.31	26.608	25.81	25.792	23.593	26.693	25.989	26.582	21.1	25.546	23.96	25.162	26.372	24.587	27.592	24.705	24.5	27.49	23.893	27.287	25.242	27.945	25.059	29.299	26.585	27.715	28.676	25.284	28.717	24.318	24.837	26.748	26.603	25.12	24.099	25.309	21.554	26.204	25.514	24.898	27.912	25.892	26.418	28.134	25.901	26.093	26.793	23.978	23.175	25.205	24.133
28.267	29.177	25.78	29.263	25.976	30.568	32.601	29.877	27.52	26.739	27.297	25.244	26.195	31.608	27.939	26.214	27.548	27.029	28.289	31.144	26.34	25.602	21.528	30.135	27.923	25.568	25.377	23.076	27.894	32.161	26.324	28.534	29.719	38.134	28.853	26.918	28.715	29.65	29.058	25.797	26.329	29.78	31.129	30.06	28.148	23.713	27.156	27.11	25.971	31.217	26.694	28.432	27.476	25.3	29.258	28.611	26.702	23.502	28.318	24.779	27.479	27.61	26.417	29.319	26.403	26.065	29.371	25.119	29.941	27.313	28.404	26.101	30.743	29.389	31.103	30.206	26.752	31.068	26.002	28.124	29.448	27.278	26.677	26.839	28.586	24.068	28.82	27.7	28.386	30.141	27.423	28.082	30.681	29.021	28.884	28.884	25.21	22.955	26.325	26.315
27.797	28.762	27.686	29.2	26.417	29.377	31.015	30.132	27.997	27.287	25.658	25.487	27.33	30.636	29.616	25.817	27.438	28.568	26.968	28.712	27.471	25.253	22.34	29.254	30.619	26.979	24.38	22.819	25.99	31.174	25.141	29.7	28.572	28.853	38.866	26.761	28.362	30.349	27.839	27.614	26.051	28.859	33.982	30.335	30.005	24.66	28.359	27.121	26.538	31.038	29.764	30.236	29.328	25.897	27.768	27.446	28.599	25.337	27.845	26.177	28.21	26.601	25.121	29.884	25.057	26.332	30.067	25.401	29.58	26.347	28.86	27.657	33.254	27.238	29.366	29.353	27.277	28.845	25.736	25.242	28.355	27.49	27.451	25.949	25.336	24.728	26.811	26.877	27.448	28.766	26.824	28.657	30.488	27.977	26.69	27.367	27.145	22.932	25.335	26.083
24.051	25.339	25.447	26.618	25.739	27.426	27.496	28.83	25.661	25.515	24.409	21.772	26.427	27.471	25.762	25.262	24.694	24.946	25.093	27.153	24.508	22.026	21.627	26.112	27.053	25.203	22.779	20.442	24.551	27.025	24.864	26.092	24.789	26.918	26.761	33.366	27.054	27.064	26.158	22.007	24.279	25.534	28.206	27.012	25.212	21.142	25.223	25.409	23.284	28.304	26.014	24.901	26.191	24.728	26.683	24.294	25.926	23.01	26.027	24.542	24.787	24.517	24.307	25.267	21.51	23.05	25.463	23.65	25.556	22.562	24.379	24.988	28.596	25.028	28.176	26.584	26.464	28.286	24.393	23.378	24.436	24.252	23.237	23.876	24.305	22.297	24.984	25.555	26.433	27.098	25.648	25.889	27.967	27.09	25.002	24.608	23.991	22.474	22.353	24.26
26.001	27.706	26.875	28.665	24.575	27.906	29.28	28.228	26.538	26.399	25.103	24.129	25.039	28.934	27.628	24.39	25.3	27.614	26.203	28.556	25.48	25.2	21.284	28.515	27.326	24.594	23.711	22.316	26.876	31.023	25.447	27.533	27.061	28.715	28.362	27.054	35.76	29.241	27.454	25.281	24.081	26.611	31.854	28.57	27.3	22.516	27.259	27.257	25.698	28.692	26.985	28.273	28.563	25.924	26.16	28.294	27.965	23.914	25.934	23.657	26.089	25.693	24.296	27.481	25.063	26.213	27.214	23.929	27.221	27.49	26.252	25.68	30.47	25.83	28.21	29.065	27.513	29.44	26.422	24.102	26.509	25.945	25.946	24.989	27.931	22.542	27.07	26.963	27.621	28.896	25.53	26.799	30.139	26.783	26.517	26.878	25.47	23.321	24.341	24.821
25.798	26.02	26.622	27.268	25.11	29.433	28.944	29.02	25.985	26.526	25.872	22.184	24.921	28.226	27.372	24.254	26.067	25.53	25.196	28.795	24.76	25.001	21.599	28.94	28.452	24.247	24.426	22.52	26.315	30.788	23.986	29.918	27.309	29.65	30.349	27.064	29.241	36.068	26.791	24.372	25.55	26.79	31.625	28.62	27.812	23.561	26.442	26.179	23.893	29.467	26.986	27.196	27.682	26.146	27.121	26.208	27.253	22.709	26.306	24.533	26.82	26.28	24.694	27.514	23.746	25.935	28.191	23.308	27.771	25.79	25.185	24.758	31.811	26.615	27.909	27.225	25.206	27.915	25.212	25.582	27.776	26.452	26.262	26.099	25.483	23.164	25.344	26.785	28.393	28.294	26.831	27.14	28.568	26.371	27.129	28.014	24.952	21.477	23.961	24.488
25.369	26.902	26.91	28.731	24.634	28.574	29.941	28.048	24.867	25.984	24.917	24.783	24.433	28.342	27.346	23.234	26.118	27.728	26.291	28.128	25.381	24.255	21.366	27.043	28.326	25.947	24.72	21.567	24.423	28.961	24.46	26.965	26.604	29.058	27.839	26.158	27.454	26.791	36.013	25.224	24.664	27.421	30.174	27.451	27.17	23.708	24.264	26.417	23.897	28.517	26.914	26.65	26.463	24.793	27.41	27.841	26.227	22.981	26.024	22.911	25.136	24.818	25.472	27.838	25.368	26.972	27.616	25.147	28.974	25.289	27.175	25.442	29.067	27.845	30.649	28.667	26.718	29.94	26.678	24.114	27.819	25.832	26.945	24.946	26.519	23.562	27.03	26.325	27.017	26.432	26.75	27.481	27.581	26.649	28.379	26.383	23.956	22.159	24.472	24.464
23.961	25.352	25.291	25.872	23.001	26.409	26.684	25.225	23.744	24.948	22.646	22.83	22.528	28.06	26.559	23.146	24.913	26.143	24.467	26.859	24.598	23.984	20.194	27.347	26.645	23.153	23.949	21.499	24.506	29.039	23.388	25.707	25.369	25.797	27.614	22.007	25.281	24.372	25.224	31.667	23.848	26.062	27.984	24.641	24.467	21.979	23.904	24.957	21.629	27.076	27.341	25.41	25.458	22.39	24.203	23.973	24.234	21.893	24.33	20.708	24.423	24.802	23.471	27.907	21.594	22.667	25.215	22.142	25.485	24.375	25.043	24.156	27.68	24.421	26.527	25.342	25.95	26.364	23.856	22.92	25.077	25.738	24.421	22.135	25.628	20.703	24.526	24.87	24.791	23.729	24.561	25.961	25.84	25.904	24.036	24.975	22.158	21.601	23.083	22.678
23.325	24.286	24.039	26.212	23.043	26.037	27.152	26.458	25.04	23.435	23.2	22.692	23.074	27.082	25.498	22.724	23.963	24.315	24.115	26.833	24.877	22.612	18.971	24.871	25.712	23.73	22.439	19.795	24.68	26.634	23.426	24.258	24.633	26.329	26.051	24.279	24.081	25.55	24.664	23.848	31.257	25.915	27.867	26.934	23.32	21.443	22.872	23.483	21.965	27.174	25.557	25.297	24.763	23.093	25.265	23.312	24.348	20.583	24.235	22.212	24.437	24.619	23.383	25.718	23.946	23.239	25.395	22.819	24.868	23.926	24.405	22.102	30.054	26.791	28.916	25.061	26.37	27.098	22.606	24.151	23.375	24.479	24.164	22.554	24.03	21.966	22.509	23.375	26.177	25.056	24.631	24.184	26.115	24.475	22.924	25.833	21.882	21.527	21.81	22.914
26.476	27.447	26.972	30.428	24.695	27.772	30.198	29.785	25.337	25.664	25.396	26.118	25.158	29.425	26.921	25.855	24.002	27.792	26.747	29.819	27.021	24.84	21.264	29.132	28.107	25.374	25.01	22.236	26.141	29.42	24.918	26.828	28.8	29.78	28.859	25.534	26.611	26.79	27.421	26.062	25.915	36.545	29.56	29.933	29.27	23.521	26.756	27.312	24.73	29.473	27.06	27.481	26.155	23.279	27.583	27.568	26.705	22.669	26.053	24.222	26.906	27.32	25.048	27.64	24.912	25.104	28.566	23.919	29.309	25.14	27.121	25.59	30.095	27.996	30.776	28.045	26.659	31.201	27.349	25.948	25.981	26.295	26.187	24.812	25.151	21.585	25.869	26.373	28.396	28.052	26.804	27.906	27.685	27.995	27.003	28.268	25.316	21.696	26.757	24.036
29.689	30.48	29.662	32.062	28.2	31.648	31.202	31.364	30.036	28.277	29.173	27.115	28.316	32.536	31.662	27.398	29.174	30.856	29.258	32.085	29.528	27.235	24.951	30.422	32.082	26.969	25.941	25.279	28.934	33.373	28.413	30.9	29.892	31.129	33.982	28.206	31.854	31.625	30.174	27.984	27.867	29.56	42.628	30.781	30.361	25.64	30.314	28.987	27.113	32.13	31.855	30.51	31.293	28.066	31.039	29.642	28.769	26.116	29.219	26.868	28.853	29.139	27.922	31.173	27.172	28.616	30.294	27.718	32.304	28.243	29.48	27.682	33.877	30.988	32.171	30.675	29.376	32.117	28.385	25.65	30.292	30.205	29.445	27.47	28.449	24.938	27.955	29.618	30.499	30.862	28.094	29.797	31.406	30.544	30.445	29.248	29.345	23.293	28.367	27.202
25.934	27.47	26.974	29.388	24.862	28.695	28.557	30.482	28.109	26.444	24.844	25.266	26.659	29.141	26.759	24.994	25.947	26.291	28.566	29.429	26.012	23.49	20.658	27.748	27.921	25.175	25.758	22.442	26.015	30.18	27.037	28.169	28.128	30.06	30.335	27.012	28.57	28.62	27.451	24.641	26.934	29.933	30.781	36.278	27.679	23.348	27.4	27.139	24.459	29.172	28.519	27.485	28.602	24.12	25.293	26.315	26.423	22.815	26.278	24.772	27.235	26.611	25.783	28.798	25.771	25.499	27.819	24.765	29.256	25.388	27.308	26.261	30.672	26.689	30.538	28.555	27.064	29.482	26.454	25.903	27.576	26.532	26.218	26.324	26.392	24.277	26.425	26.646	28.519	28.228	26.825	28.038	28.889	27.23	26.795	27.808	24.882	22.991	25.702	25.49
27.341	27.49	28.041	29.094	24.28	27.352	29.396	29.933	25.099	26.627	26.046	25.06	25.451	27.358	26.934	24.884	25.017	26.745	26.264	28.512	24.887	24.234	21.43	28.167	28.015	25.455	22.864	22.333	24.43	29.241	24.603	27.823	27.122	28.148	30.005	25.212	27.3	27.812	27.17	24.467	23.32	29.27	30.361	27.679	35.402	21.647	25.712	27.099	24.444	27.846	27.258	28.217	26.808	25.308	26.403	27.647	26.903	23.575	25.769	24.816	26.546	24.782	25.526	26.659	23.916	25.457	29.381	22.918	28.31	24.505	27.94	25.896	29.061	26.196	28.39	28.782	25.624	29.302	25	23.7	26.423	26.914	26.613	25.273	24.216	23.929	25.996	26.787	26.668	28.597	26.594	26.9	30.148	26.814	26.43	27.703	22.8	21.69	24.851	22.718
19.611	21.489	22.107	22.53	20.07	24.319	23.322	24.369	20.993	22.317	19.89	20.497	20.798	24.047	23.947	20.636	22.628	22.328	21.16	23.893	22.021	19.157	17.194	23.231	23.597	21.46	19.771	18.293	21.531	25.075	21.425	21.728	23.934	23.713	24.66	21.142	22.516	23.561	23.708	21.979	21.443	23.521	25.64	23.348	21.647	26.705	21.83	20.886	21.076	23.611	23.149	23.178	21.849	19.828	21.25	21.907	20.664	18.796	22.385	18.481	20.744	20.797	20.907	23.526	21.182	20.588	22.506	20.11	22.441	20.972	22.404	20.906	25.177	24.469	22.48	23.955	20.844	24.257	21.431	20.988	23.224	22.309	21.082	20.008	22.093	19.519	21.96	21.617	22.71	22.13	21.832	22.067	23.204	22.444	22.053	22.246	20.518	17.979	21.56	19.162
24.78	26.7	25.229	25.738	24.761	27.25	26.356	29.093	24.986	24.621	24.208	23.324	24.088	26.879	25.361	24.206	24.468	25.622	24.472	26.88	23.655	21.704	19.781	26.658	27.959	23.111	22.514	21.945	25.793	28.316	23.552	25.8	27.981	27.156	28.359	25.223	27.259	26.442	24.264	23.904	22.872	26.756	30.314	27.4	25.712	21.83	31.766	23.634	23.282	26.464	26.518	25.361	25.577	22.617	24.183	25.364	25.259	21.438	25.444	23.944	23.96	24.056	23.677	27.139	24.001	23.559	25.671	22.873	25.548	24.816	25.737	25.475	29.151	25.324	27.065	26.301	24.722	26.676	23.716	22.93	25.807	25.301	23.94	23.231	23.129	21.652	24.675	24.499	25.049	26.151	24.427	25.567	26.838	26.204	25.495	25.5	24.061	22.129	24.074	23.188
23.898	24.856	25.945	29.894	24.294	26.13	27.172	28.364	24.762	25.03	24.814	23.236	24.591	27.99	26.996	24.63	24.206	25.466	24.944	27.734	26.388	23.713	20.837	27.444	26.19	26.043	23.687	20.317	23.356	29.215	24.486	24.858	25.32	27.11	27.121	25.409	27.257	26.179	26.417	24.957	23.483	27.312	28.987	27.139	27.099	20.886	23.634	33.351	24.557	28.981	25.44	27.238	26.803	24.894	26.915	26.333	25.202	22.509	24.362	21.719	24.793	25.362	24.137	25.699	21.98	22.907	25.593	22.633	26.441	23.539	26.082	24.483	27.558	26.315	28.546	27.342	24.304	29.065	25.203	23.825	25.146	25.541	24.126	24.775	25.553	21.819	25.311	23.789	25.923	27.712	25.784	25.521	28.798	26.647	26.299	25.997	24.338	22.471	23.87	24.286
23.794	23.614	22.92	27.166	22.962	25.616	26.86	25.301	23.482	23.797	23.079	21.975	22.759	26.059	23.237	24.095	22.572	24.852	23.071	24.852	24.072	23.128	18.756	25.413	22.641	23.739	20.687	18.92	23.109	26.114	23.251	22.678	24.499	25.971	26.538	23.284	25.698	23.893	23.897	21.629	21.965	24.73	27.113	24.459	24.444	21.076	23.282	24.557	30.62	27.906	24.801	26.713	24.06	23.93	24.198	24.729	23.768	20.381	24.766	22.229	24.588	22.629	24.251	24.25	22.096	21.188	24.552	22.162	24.839	23.861	26.095	23.234	27.981	23.627	26.824	25.7	23.769	26.882	22.232	23.148	24.334	23.919	22.731	21.283	23.329	21.422	23.409	23.832	24.522	24.571	23.944	24.385	26.183	24.194	24.818	22.935	21.848	20.738	21.215	21.822
27.996	28.659	28.095	31.115	28.254	30.442	31.725	30.579	27.224	28.184	28.402	23.93	26.842	31.492	28.894	26.342	26.675	28.71	26.113	29.844	27.908	27.029	22.476	29.731	29.514	26.63	25.324	21.655	26.958	31.956	27.482	28.944	28.31	31.217	31.038	28.304	28.692	29.467	28.517	27.076	27.174	29.473	32.13	29.172	27.846	23.611	26.464	28.981	27.906	39.245	29.656	28.888	28.432	27.218	29.739	28.224	27.625	25.462	27.709	25.627	28.656	29.25	27.247	28.408	24.986	25.456	28.118	25.182	29.058	27.211	29.28	25.615	33.036	28.799	31.217	28.028	27.879	31.401	26.998	26.776	28.196	28.285	27.475	26.736	27.933	24.499	28.795	25.673	28.156	29.512	29.749	30.089	29.776	28.576	29.829	28.88	26.951	24.392	25.16	27.641
24.638	28.265	28.277	28.412	25.428	27.924	28.794	28.785	26.448	25.8	26.926	23.968	25.913	28.866	28.625	25.75	26.81	26.524	27.175	27.925	26.282	25.874	21.458	28.523	29.631	25.474	25.392	22.53	26.871	29.817	26.266	28.047	26.608	26.694	29.764	26.014	26.985	26.986	26.914	27.341	25.557	27.06	31.855	28.519	27.258	23.149	26.518	25.44	24.801	29.656	36.168	26.246	28.522	25.875	26.429	24.279	26.35	23.372	26.473	24.482	26.048	26.26	27.196	27.359	24.922	26.671	29.564	25.209	29.478	26.626	27.884	26.154	31.426	25.537	29.857	28.047	27.358	28.714	24.351	24.73	27.326	26.673	24.711	25.694	26.016	23.985	25.678	24.917	27.748	26.814	26.339	27.997	29.056	28.09	27.102	26.039	24.562	23.643	25.722	24.9
25.42	25.867	26.939	29.274	24.711	27.663	29.183	28.037	26.03	25.822	27.257	25.658	24.112	28.803	27.735	25.193	25.617	28.051	24.987	28.901	26.273	24.426	23.051	28.342	27.186	24.205	23.091	21.638	24.865	29.77	26.435	26.761	25.81	28.432	30.236	24.901	28.273	27.196	26.65	25.41	25.297	27.481	30.51	27.485	28.217	23.178	25.361	27.238	26.713	28.888	26.246	35.077	26.802	26.207	27.255	27.191	26.721	24.398	26.761	22.68	25.655	24.573	25.408	26.04	24.453	25.51	27.321	24.507	26.716	24.774	27.817	26.932	30.058	27.533	29.177	28.982	27.099	29.304	27.2	26.112	27.199	25.599	26.086	25.042	26.014	23.467	25.646	26.872	26.112	27.723	26.185	27.437	30.17	27.047	26.329	26.466	24.597	23.329	24.13	23.054
24.651	27.146	25.127	26.852	24.894	26.525	28.819	28.199	26.665	26.071	24.894	25.3	23.893	28.259	26.85	24.903	24.484	27.022	25.866	28.422	24.736	24.656	20.825	27.485	27.532	25.73	25.315	20.792	25.273	27.628	24.711	27.317	25.792	27.476	29.328	26.191	28.563	27.682	26.463	25.458	24.763	26.155	31.293	28.602	26.808	21.849	25.577	26.803	24.06	28.432	28.522	26.802	35.432	25.818	24.898	25.431	25.823	21.891	25.213	23.622	24.537	25.761	25.285	28.057	25.282	24.732	27.647	25.28	28.219	26.201	25.556	26.992	30.328	25.025	27.963	27.963	24.898	28.26	25.892	21.859	27.869	26.29	26.261	24.737	26.008	22.726	26.072	25.629	27.333	28.613	25.604	25.58	28.137	25.525	26.451	27.205	24.397	21.816	25.188	24.121
22.41	24.403	24.344	27.215	25.396	24.448	26.726	26.121	24.066	24.406	24.544	21.465	22.266	25.923	25.016	24.737	24.477	25.888	22.804	25.605	24.998	23.27	20.394	25.947	26.236	23.849	22.475	19.431	22.999	27.25	23.555	25.085	23.593	25.3	25.897	24.728	25.924	26.146	24.793	22.39	23.093	23.279	28.066	24.12	25.308	19.828	22.617	24.894	23.93	27.218	25.875	26.207	25.818	31.412	25.559	24.386	24.558	21.87	24.104	21.564	23.818	23.703	22.875	25.726	21.087	23.957	25.923	22.848	24.841	23.324	24.184	21.964	28.116	24.662	27.268	25.981	23.798	25.4	22.608	21.629	25.291	24.579	23.534	22.616	24.798	21.521	23.176	23.076	25.516	25.371	23.925	24.129	28.085	25.342	24.413	24.154	22.12	21.049	23.257	23.362
26.776	25.088	25.879	28.271	25.884	26.815	30.115	27.107	25.611	26.253	26.905	23.721	25.633	28.278	26.975	26.868	25.108	26.409	25.052	27.192	25.276	22.983	21.472	27.112	27.036	25.512	21.458	21.79	25.971	29.249	23.429	26.275	26.693	29.258	27.768	26.683	26.16	27.121	27.41	24.203	25.265	27.583	31.039	25.293	26.403	21.25	24.183	26.915	24.198	29.739	26.429	27.255	24.898	25.559	35.807	24.921	25.346	24.089	26.081	22.446	24.949	24.443	24.404	25.01	23.39	25.003	25.169	23.919	27.149	23.688	26.019	25.131	29.997	26.577	29.359	27.631	24.814	29.952	26.763	25.483	26.588	25.632	26.016	22.81	24.958	22.526	25.746	24.009	25.833	27.164	24.561	27.37	29.114	27.217	26.281	27.074	24.44	21.711	24.495	24.174
25.7	27.507	25.232	27.994	24.331	28.295	28.882	27.428	24.966	25.133	24.738	24.289	23.557	26.608	28.196	23.541	24.493	27.01	27.193	27.907	24.374	24.342	19.972	28.046	26.898	25.127	22.773	21.364	23.841	29.642	24.714	24.75	25.989	28.611	27.446	24.294	28.294	26.208	27.841	23.973	23.312	27.568	29.642	26.315	27.647	21.907	25.364	26.333	24.729	28.224	24.279	27.191	25.431	24.386	24.921	32.809	25.717	23.025	26.223	23.634	25.068	24.435	25.002	27.483	23.219	25.168	26.854	22.484	25.897	24.638	26.601	23.502	27.499	26.391	28.411	26.438	26.065	27.738	25.155	23.435	24.755	23.96	25.23	24.557	25.857	22.666	25.948	25.749	26.3	26.413	25.783	25.012	26.696	25.878	25.927	25.897	23.241	21.703	24.648	23.47
24.238	26.437	25.452	26.837	24.274	27.892	26.191	27.289	24.984	23.827	24.259	23.068	24.081	27.468	26.324	23.76	24.422	26.272	25.031	26.886	24.876	23.465	20.937	28.36	27.77	25.095	22.314	20.436	24.216	26.75	22.708	27.112	26.582	26.702	28.599	25.926	27.965	27.253	26.227	24.234	24.348	26.705	28.769	26.423	26.903	20.664	25.259	25.202	23.768	27.625	26.35	26.721	25.823	24.558	25.346	25.717	33.103	21.792	25.673	23.606	25.041	24.453	24.656	26.475	22.806	26.585	25.942	23.011	26.369	26.064	24.863	26.058	28.359	25.214	28.362	27.463	25.765	29.136	24.167	23.841	25.281	24.958	25.3	23.746	23.311	21.737	25.288	24.638	25.565	25.998	25.3	25.838	28.69	27.165	24.932	24.668	23.519	22.191	23.291	23.301
