# Created by Octave 5.2.0, Sun Apr 23 21:57:09 2023 EEST <catalin@LAPTOP-QCG3VAHI>
# name: X
# type: matrix
# rows: 100
# columns: 100
32.223	24.903	25.278	26.836	24.227	26.655	29.255	26.496	24.828	24.182	24.603	22.716	24.47	26.77	25.472	22.335	24.473	24.787	24.35	26.75	22.572	21.837	20.173	25.837	25.334	22.791	22.088	22.151	24.848	28.451	23.956	26.093	25.359	28.267	27.797	24.051	26.001	25.798	25.369	23.961	23.325	26.476	29.689	25.934	27.341	19.611	24.78	23.898	23.794	27.996	24.638	25.42	24.651	22.41	26.776	25.7	24.238	21.251	25.678	24.193	25.928	24.061	22.769	25.358	23.262	23.522	26.231	22.932	26.376	23.612	25.894	22.852	28.129	24.547	27.638	27.406	26.491	26.169	24.643	23.494	24.853	25.156	25.037	23.735	23.923	22.236	23.777	23.473	25.846	26.589	24.655	25.275	26.715	26.406	25.757	26.231	23.106	20.419	23.359	21.949
24.903	33.912	26.455	26.269	25.26	29.022	28.02	28.036	25.157	24.713	25.836	24.966	24.953	27.493	27.359	23.788	25.351	26.133	26.868	27.572	24.937	24.971	20.497	27.788	27.204	23.841	23.724	21.779	24.218	29.962	23.019	26.412	26.447	29.177	28.762	25.339	27.706	26.02	26.902	25.352	24.286	27.447	30.48	27.47	27.49	21.489	26.7	24.856	23.614	28.659	28.265	25.867	27.146	24.403	25.088	27.507	26.437	23.107	25.175	24.176	26.149	24.511	24.202	28.789	24.031	25.444	28.477	25.12	27.542	25.142	26.976	25.94	28.423	25.321	27.328	26.618	27.231	28.603	24.954	23.426	27.084	25.164	23.997	25.622	24.861	22.166	26.317	25.743	27.739	25.644	25.967	26.34	28.2	27.118	26.718	24.914	23.792	21.498	25.486	24.277
25.278	26.455	35.015	27.016	24.069	27.335	27.56	27.965	25.352	25.613	25.94	24.541	25.581	27.523	27.846	24.086	26.113	25.894	24.475	28.52	24.507	23.058	21.532	28.252	28.418	23.233	23.066	21.551	24.204	29.527	25.889	26.866	26.752	25.78	27.686	25.447	26.875	26.622	26.91	25.291	24.039	26.972	29.662	26.974	28.041	22.107	25.229	25.945	22.92	28.095	28.277	26.939	25.127	24.344	25.879	25.232	25.452	23.075	25.067	22.951	25.915	25.553	22.891	25.764	23.968	25.564	28.303	24.092	26.687	24.381	27.569	24.992	30.074	25.871	27.946	27.82	27.16	28.07	25.545	23.797	26.002	26.84	25.703	23.972	24.692	22.562	26.805	25.211	26.258	25.026	26.033	26.385	28.339	27.167	27.744	25.991	23.395	23.872	24.686	24.874
26.836	26.269	27.016	40.03	26.632	28.328	30.473	30.584	27.971	28.032	27.086	23.663	25.559	31.348	28.507	27.539	25.966	29.89	26.925	30.091	28.895	26.435	22.453	29.516	29.459	25.566	25.973	23.105	25.704	29.601	26.887	29.404	27.914	29.263	29.2	26.618	28.665	27.268	28.731	25.872	26.212	30.428	32.062	29.388	29.094	22.53	25.738	29.894	27.166	31.115	28.412	29.274	26.852	27.215	28.271	27.994	26.837	23.263	26.966	25.582	28.086	26.417	26.777	28.231	25.126	25.788	29.827	25.292	28.582	26.477	28.663	24.409	30.496	28.016	32.002	29.108	29.16	30.676	28.069	26.754	26.574	27.538	26.661	24.737	27.379	23.999	26.48	26.362	28.007	30.68	28.65	28.349	29.279	29.893	27.073	28.562	25.542	23.46	27.148	25.981
24.227	25.26	24.069	26.632	31.423	25.469	26.475	27.77	23.142	24.747	24.113	21.618	22.645	26.392	25.53	23.693	25.62	26.139	22.631	26.654	22.885	23.069	20.778	25.77	26.781	23.591	22.96	21.368	22.982	26.902	23.792	26.08	24.385	25.976	26.417	25.739	24.575	25.11	24.634	23.001	23.043	24.695	28.2	24.862	24.28	20.07	24.761	24.294	22.962	28.254	25.428	24.711	24.894	25.396	25.884	24.331	24.274	20.307	24.505	22.746	24.824	23.805	22.931	25.42	20.096	22.72	24.356	22.094	24.397	22.103	24.654	23.246	28.405	23.572	26.922	23.912	23.813	27.307	25.393	22.582	23.446	25.195	23.647	22.903	23.809	21.472	22.836	22.654	25.514	24.107	24.685	23.958	26.465	25.511	25.428	23.238	22.094	20.536	23.823	23.925
26.655	29.022	27.335	28.328	25.469	35.839	29.101	29.618	27.264	27.32	25.971	25.331	26.334	29.58	29.394	26.203	28.018	27.381	26.559	29.484	25.404	25.125	21.822	29.304	28.353	25.658	24.26	22.008	26.92	30.59	26.37	29.296	28.4	30.568	29.377	27.426	27.906	29.433	28.574	26.409	26.037	27.772	31.648	28.695	27.352	24.319	27.25	26.13	25.616	30.442	27.924	27.663	26.525	24.448	26.815	28.295	27.892	24.101	27.899	25.035	27.183	27.012	26.528	30.014	25.552	25.166	29.594	24.921	28.186	26.711	27.257	26.696	30.842	27.463	29.39	27.729	27.662	29.618	26.032	26.868	26.7	26.813	26.458	26.391	25.957	24.827	26.549	27.037	29.649	27.948	28.107	28.795	28.918	27.917	29.484	26.616	25.748	23.03	25.395	25.101
29.255	28.02	27.56	30.473	26.475	29.101	38.737	31.417	26.857	28.677	27.788	26.521	25.742	31.87	29.265	26.798	26.513	28.662	27.059	30.161	28.318	25.999	21.161	29.616	28.799	25.364	25.983	22.202	28.773	31.362	27.631	29.739	29.984	32.601	31.015	27.496	29.28	28.944	29.941	26.684	27.152	30.198	31.202	28.557	29.396	23.322	26.356	27.172	26.86	31.725	28.794	29.183	28.819	26.726	30.115	28.882	26.191	24.749	27.75	25.632	28.389	27.353	26.05	28.826	25.782	25.828	30.469	25.336	29.578	25.733	28.777	25.714	32.184	28.238	30.798	30.742	27.764	30.464	26.138	27.184	27.687	27.815	27.161	25.746	29.082	24.079	27.266	27.501	28.185	30.676	26.958	28.021	30.632	28.86	27.579	29.072	25.15	25.069	25.401	25.38
26.496	28.036	27.965	30.584	27.77	29.618	31.417	37.398	27.312	28.576	26.771	24.807	25.804	30.294	27.554	26.616	25.982	27.709	26.601	30.516	26.96	24.021	21.902	28.809	30.895	26.781	25.183	23.026	26.577	31.586	27.54	29.007	29.916	29.877	30.132	28.83	28.228	29.02	28.048	25.225	26.458	29.785	31.364	30.482	29.933	24.369	29.093	28.364	25.301	30.579	28.785	28.037	28.199	26.121	27.107	27.428	27.289	22.649	27.884	25.29	27.704	27.239	26.637	28.783	25.382	25.599	28.877	25.389	29.015	26.001	29.778	26.919	31.375	28.736	30.283	29.736	26.028	30.714	26.525	26.86	26.171	27.788	25.83	26.534	26.619	24.293	27.046	27.276	28.471	29.983	27.912	28.489	30.065	28.516	29.258	29.251	25.177	25.399	26.521	24.447
24.828	25.157	25.352	27.971	23.142	27.264	26.857	27.312	33.351	24.831	24.6	22.399	23.343	27.339	25.643	24.833	23.521	24.02	26.471	28	25.416	23.434	20.451	26.451	27.2	23.81	22.468	19.962	23.82	27.609	25.46	24.351	25.222	27.52	27.997	25.661	26.538	25.985	24.867	23.744	25.04	25.337	30.036	28.109	25.099	20.993	24.986	24.762	23.482	27.224	26.448	26.03	26.665	24.066	25.611	24.966	24.984	22.537	24.944	21.971	25.518	24.217	22.807	26.008	23.574	24.54	25.839	23.691	26.594	22.807	26.102	24.333	29.042	26.491	27.347	26.493	26.684	27.012	23.2	23.865	25.118	24.912	24.713	22.943	24.82	22.449	23.985	24.576	25.256	27.752	23.292	24.751	28.45	26.897	24.951	25.804	23.964	22.015	23.784	24.674
24.182	24.713	25.613	28.032	24.747	27.32	28.677	28.576	24.831	33.492	23.859	24.164	24.567	28.452	26.121	25.7	23.871	26.429	24.65	27.358	24.811	22.216	18.901	26.211	27.73	25.672	24.44	20.818	25.404	28.893	24.642	27.412	26.125	26.739	27.287	25.515	26.399	26.526	25.984	24.948	23.435	25.664	28.277	26.444	26.627	22.317	24.621	25.03	23.797	28.184	25.8	25.822	26.071	24.406	26.253	25.133	23.827	22.16	25.944	22.955	24.538	23.569	25.469	27.21	23.711	23.169	26.706	22.681	26.884	24.089	26.703	25.611	28.455	25.314	28.252	27.32	24.294	27.707	26.265	23.995	24.663	24.406	24.454	22.757	25.899	22.32	25.329	24.541	24.912	25.643	25.864	25.048	27.364	25.141	26.417	25.186	21.418	21.439	23.726	23.151
24.603	25.836	25.94	27.086	24.113	25.971	27.788	26.771	24.6	23.859	32.345	22.417	25.264	25.257	25.446	24.344	24.068	25.357	24.078	27.648	24.27	23.609	19.847	27.006	25.728	23.429	21.659	21.553	24.46	29.524	22.969	25.034	24.828	27.297	25.658	24.409	25.103	25.872	24.917	22.646	23.2	25.396	29.173	24.844	26.046	19.89	24.208	24.814	23.079	28.402	26.926	27.257	24.894	24.544	26.905	24.738	24.259	21.987	24.814	23.019	23.939	22.904	24.646	25.055	22.992	24.399	25.822	22.934	26.743	23.288	26.399	24.807	27.193	24.5	26.703	25.161	25.895	26.019	24.899	23.025	26.411	23.393	23.787	25.601	23.336	22.16	22.581	23.408	24.598	26.105	24.2	25.035	27.769	25.536	26.234	24.954	22.806	20.824	24.122	23.573
